hookfunction(require(game.ReplicatedStorage.Effect.Container.Death), function()
end)
hookfunction(require(game.ReplicatedStorage:WaitForChild("GuideModule")).ChangeDisplayedNPC, function()
end)
hookfunction(error, function()
end)
hookfunction(warn, function()
end)
if game.PlaceId == 2753915549 then
	World1 = true
elseif game.PlaceId == 4442272183 then
	World2 = true
elseif game.PlaceId == 7449423635 then
	World3 = true
end
function CheckLevel()
	local MyLevel = game.Players.LocalPlayer.Data.Level.Value
	if World1 then
		if MyLevel >= 1 and MyLevel <= 9 then
			if tostring(game.Players.LocalPlayer.Team) == "Marines" then
				Mon = "Trainee"
				NameQuest = "MarineQuest"
				LevelQuest = 1
				NameMon = "Trainee"
				CFrameMon = CFrame.new(-2709.67944, 24.5206585, 2104.24585, -0.744724929, -3.97967455e-08, -0.667371571, 4.32403588e-08, 1, -1.07884304e-07, 0.667371571, -1.09201515e-07, -0.744724929)
				CFrameQuest = CFrame.new(-2709.67944, 24.5206585, 2104.24585, -0.744724929, -3.97967455e-08, -0.667371571, 4.32403588e-08, 1, -1.07884304e-07, 0.667371571, -1.09201515e-07, -0.744724929)
			elseif tostring(game.Players.LocalPlayer.Team) == "Pirates" then
				Mon = "Bandit"
				LevelQuest = 1
				NameQuest = "BanditQuest1"
				NameMon = "Bandit"
				CFrameMon = CFrame.new(1045.962646484375, 27.00250816345215, 1560.8203125)
				CFrameQuest = CFrame.new(1045.962646484375, 27.00250816345215, 1560.8203125)
			end
		elseif MyLevel >= 10 and MyLevel <= 14 then
			Mon = "Monkey"
			LevelQuest = 1
			NameQuest = "JungleQuest"
			NameMon = "Monkey"
			CFrameQuest = CFrame.new(-1598.08911, 35.5501175, 153.377838, 0, 0, 1, 0, 1, -0, -1, 0, 0)
			CFrameMon = CFrame.new(-1448.51806640625, 67.85301208496094, 11.46579647064209)
		elseif MyLevel >= 15 and MyLevel <= 29 then
			Mon = "Gorilla"
			LevelQuest = 2
			NameQuest = "JungleQuest"
			NameMon = "Gorilla"
			CFrameQuest = CFrame.new(-1598.08911, 35.5501175, 153.377838, 0, 0, 1, 0, 1, -0, -1, 0, 0)
			CFrameMon = CFrame.new(-1129.8836669921875, 40.46354675292969, -525.4237060546875)
		elseif MyLevel >= 30 and MyLevel <= 39 then
			Mon = "Pirate"
			LevelQuest = 1
			NameQuest = "BuggyQuest1"
			NameMon = "Pirate"
			CFrameQuest = CFrame.new(-1141.07483, 4.10001802, 3831.5498, 0.965929627, -0, -0.258804798, 0, 1, -0, 0.258804798, 0, 0.965929627)
			CFrameMon = CFrame.new(-1103.513427734375, 13.752052307128906, 3896.091064453125)
		elseif MyLevel >= 40 and MyLevel <= 59 then
			Mon = "Brute"
			LevelQuest = 2
			NameQuest = "BuggyQuest1"
			NameMon = "Brute"
			CFrameQuest = CFrame.new(-1141.07483, 4.10001802, 3831.5498, 0.965929627, -0, -0.258804798, 0, 1, -0, 0.258804798, 0, 0.965929627)
			CFrameMon = CFrame.new(-1140.083740234375, 14.809885025024414, 4322.92138671875)
		elseif MyLevel >= 60 and MyLevel <= 74 then
			Mon = "Desert Bandit"
			LevelQuest = 1
			NameQuest = "DesertQuest"
			NameMon = "Desert Bandit"
			CFrameQuest = CFrame.new(894.488647, 5.14000702, 4392.43359, 0.819155693, -0, -0.573571265, 0, 1, -0, 0.573571265, 0, 0.819155693)
			CFrameMon = CFrame.new(924.7998046875, 6.44867467880249, 4481.5859375)
		elseif MyLevel >= 75 and MyLevel <= 89 then
			Mon = "Desert Officer"
			LevelQuest = 2
			NameQuest = "DesertQuest"
			NameMon = "Desert Officer"
			CFrameQuest = CFrame.new(894.488647, 5.14000702, 4392.43359, 0.819155693, -0, -0.573571265, 0, 1, -0, 0.573571265, 0, 0.819155693)
			CFrameMon = CFrame.new(1608.2822265625, 8.614224433898926, 4371.00732421875)
		elseif MyLevel >= 90 and MyLevel <= 99 then
			Mon = "Snow Bandit"
			LevelQuest = 1
			NameQuest = "SnowQuest"
			NameMon = "Snow Bandit"
			CFrameQuest = CFrame.new(1389.74451, 88.1519318, -1298.90796, -0.342042685, 0, 0.939684391, 0, 1, 0, -0.939684391, 0, -0.342042685)
			CFrameMon = CFrame.new(1354.347900390625, 87.27277374267578, -1393.946533203125)
		elseif MyLevel >= 100 and MyLevel <= 119 then
			Mon = "Snowman"
			LevelQuest = 2
			NameQuest = "SnowQuest"
			NameMon = "Snowman"
			CFrameQuest = CFrame.new(1389.74451, 88.1519318, -1298.90796, -0.342042685, 0, 0.939684391, 0, 1, 0, -0.939684391, 0, -0.342042685)
			CFrameMon = CFrame.new(6241.9951171875, 51.522083282471, -1243.9771728516)
		elseif MyLevel >= 120 and MyLevel <= 149 then
			Mon = "Chief Petty Officer"
			LevelQuest = 1
			NameQuest = "MarineQuest2"
			NameMon = "Chief Petty Officer"
			CFrameQuest = CFrame.new(-5039.58643, 27.3500385, 4324.68018, 0, 0, -1, 0, 1, 0, 1, 0, 0)
			CFrameMon = CFrame.new(-4881.23095703125, 22.65204429626465, 4273.75244140625)
		elseif MyLevel >= 150 and MyLevel <= 174 then
			Mon = "Sky Bandit"
			LevelQuest = 1
			NameQuest = "SkyQuest"
			NameMon = "Sky Bandit"
			CFrameQuest = CFrame.new(-4839.53027, 716.368591, -2619.44165, 0.866007268, 0, 0.500031412, 0, 1, 0, -0.500031412, 0, 0.866007268)
			CFrameMon = CFrame.new(-4953.20703125, 295.74420166015625, -2899.22900390625)
		elseif MyLevel >= 175 and MyLevel <= 189 then
			Mon = "Dark Master"
			LevelQuest = 2
			NameQuest = "SkyQuest"
			NameMon = "Dark Master"
			CFrameQuest = CFrame.new(-4839.53027, 716.368591, -2619.44165, 0.866007268, 0, 0.500031412, 0, 1, 0, -0.500031412, 0, 0.866007268)
			CFrameMon = CFrame.new(-5259.8447265625, 391.3976745605469, -2229.035400390625)
		elseif MyLevel >= 190 and MyLevel <= 209 then
			Mon = "Prisoner"
			LevelQuest = 1
			NameQuest = "PrisonerQuest"
			NameMon = "Prisoner"
			CFrameQuest = CFrame.new(5308.93115, 1.65517521, 475.120514, -0.0894274712, -5.00292918e-09, -0.995993316, 1.60817859e-09, 1, -5.16744869e-09, 0.995993316, -2.06384709e-09, -0.0894274712)
			CFrameMon = CFrame.new(5098.9736328125, -0.3204058110713959, 474.2373352050781)
		elseif MyLevel >= 210 and MyLevel <= 249 then
			Mon = "Dangerous Prisoner"
			LevelQuest = 2
			NameQuest = "PrisonerQuest"
			NameMon = "Dangerous Prisoner"
			CFrameQuest = CFrame.new(5308.93115, 1.65517521, 475.120514, -0.0894274712, -5.00292918e-09, -0.995993316, 1.60817859e-09, 1, -5.16744869e-09, 0.995993316, -2.06384709e-09, -0.0894274712)
			CFrameMon = CFrame.new(5654.5634765625, 15.633401870727539, 866.2991943359375)
		elseif MyLevel >= 250 and MyLevel <= 274 then
			Mon = "Toga Warrior"
			LevelQuest = 1
			NameQuest = "ColosseumQuest"
			NameMon = "Toga Warrior"
			CFrameQuest = CFrame.new(-1580.04663, 6.35000277, -2986.47534, -0.515037298, 0, -0.857167721, 0, 1, 0, 0.857167721, 0, -0.515037298)
			CFrameMon = CFrame.new(-1820.21484375, 51.68385696411133, -2740.6650390625)
		elseif MyLevel >= 275 and MyLevel <= 299 then
			Mon = "Gladiator"
			LevelQuest = 2
			NameQuest = "ColosseumQuest"
			NameMon = "Gladiator"
			CFrameQuest = CFrame.new(-1580.04663, 6.35000277, -2986.47534, -0.515037298, 0, -0.857167721, 0, 1, 0, 0.857167721, 0, -0.515037298)
			CFrameMon = CFrame.new(-1292.838134765625, 56.380882263183594, -3339.031494140625)
		elseif MyLevel >= 300 and MyLevel <= 324 then
			Boubty = false
			Mon = "Military Soldier"
			LevelQuest = 1
			NameQuest = "MagmaQuest"
			NameMon = "Military Soldier"
			CFrameQuest = CFrame.new(-5313.37012, 10.9500084, 8515.29395, -0.499959469, 0, 0.866048813, 0, 1, 0, -0.866048813, 0, -0.499959469)
			CFrameMon = CFrame.new(-5411.16455078125, 11.081554412841797, 8454.29296875)
		elseif MyLevel >= 325 and MyLevel <= 374 then
			Mon = "Military Spy"
			LevelQuest = 2
			NameQuest = "MagmaQuest"
			NameMon = "Military Spy"
			CFrameQuest = CFrame.new(-5313.37012, 10.9500084, 8515.29395, -0.499959469, 0, 0.866048813, 0, 1, 0, -0.866048813, 0, -0.499959469)
			CFrameMon = CFrame.new(-5802.8681640625, 86.26241302490234, 8828.859375)
		elseif MyLevel >= 375 and MyLevel <= 399 then
			Mon = "Fishman Warrior"
			LevelQuest = 1
			NameQuest = "FishmanQuest"
			NameMon = "Fishman Warrior"
			CFrameQuest = CFrame.new(61122.65234375, 18.497442245483, 1569.3997802734)
			CFrameMon = CFrame.new(60878.30078125, 18.482830047607422, 1543.7574462890625)
			if _G.Level and (CFrameQuest.Position - game.Players.LocalPlayer.Character.HumanoidRootPart.Position).Magnitude > 10000 then
				game:GetService("ReplicatedStorage").Remotes.CommF_:InvokeServer("requestEntrance", Vector3.new(61163.8515625, 11.6796875, 1819.7841796875))
			end
		elseif MyLevel >= 400 and MyLevel <= 449 then
			Mon = "Fishman Commando"
			LevelQuest = 2
			NameQuest = "FishmanQuest"
			NameMon = "Fishman Commando"
			CFrameQuest = CFrame.new(61122.65234375, 18.497442245483, 1569.3997802734)
			CFrameMon = CFrame.new(61922.6328125, 18.482830047607422, 1493.934326171875)
			if _G.Level and (CFrameQuest.Position - game.Players.LocalPlayer.Character.HumanoidRootPart.Position).Magnitude > 10000 then
				game:GetService("ReplicatedStorage").Remotes.CommF_:InvokeServer("requestEntrance", Vector3.new(61163.8515625, 11.6796875, 1819.7841796875))
			end
		elseif MyLevel >= 450 and MyLevel <= 474 then
			Mon = "God's Guard"
			LevelQuest = 1
			NameQuest = "SkyExp1Quest"
			NameMon = "God's Guard"
			CFrameQuest = CFrame.new(-4721.88867, 843.874695, -1949.96643, 0.996191859, -0, -0.0871884301, 0, 1, -0, 0.0871884301, 0, 0.996191859)
			CFrameMon = CFrame.new(-4710.04296875, 845.2769775390625, -1927.3079833984375)
			if _G.Level and (CFrameQuest.Position - game.Players.LocalPlayer.Character.HumanoidRootPart.Position).Magnitude > 10000 then
				game:GetService("ReplicatedStorage").Remotes.CommF_:InvokeServer("requestEntrance", Vector3.new(-4607.82275, 872.54248, -1667.55688))
			end
		elseif MyLevel >= 475 and MyLevel <= 524 then
			Mon = "Shanda"
			LevelQuest = 2
			NameQuest = "SkyExp1Quest"
			NameMon = "Shanda"
			CFrameQuest = CFrame.new(-7859.09814, 5544.19043, -381.476196, -0.422592998, 0, 0.906319618, 0, 1, 0, -0.906319618, 0, -0.422592998)
			CFrameMon = CFrame.new(-7678.48974609375, 5566.40380859375, -497.2156066894531)
			if _G.Level and (CFrameQuest.Position - game.Players.LocalPlayer.Character.HumanoidRootPart.Position).Magnitude > 10000 then
				game:GetService("ReplicatedStorage").Remotes.CommF_:InvokeServer("requestEntrance", Vector3.new(-7894.6176757813, 5547.1416015625, -380.29119873047))
			end
		elseif MyLevel >= 525 and MyLevel <= 549 then
			Mon = "Royal Squad"
			LevelQuest = 1
			NameQuest = "SkyExp2Quest"
			NameMon = "Royal Squad"
			CFrameQuest = CFrame.new(-7906.81592, 5634.6626, -1411.99194, 0, 0, -1, 0, 1, 0, 1, 0, 0)
			CFrameMon = CFrame.new(-7624.25244140625, 5658.13330078125, -1467.354248046875)
		elseif MyLevel >= 550 and MyLevel <= 624 then
			Mon = "Royal Soldier"
			LevelQuest = 2
			NameQuest = "SkyExp2Quest"
			NameMon = "Royal Soldier"
			CFrameQuest = CFrame.new(-7906.81592, 5634.6626, -1411.99194, 0, 0, -1, 0, 1, 0, 1, 0, 0)
			CFrameMon = CFrame.new(-7836.75341796875, 5645.6640625, -1790.6236572265625)
		elseif MyLevel >= 625 and MyLevel <= 649 then
			Mon = "Galley Pirate"
			LevelQuest = 1
			NameQuest = "FountainQuest"
			NameMon = "Galley Pirate"
			CFrameQuest = CFrame.new(5259.81982, 37.3500175, 4050.0293, 0.087131381, 0, 0.996196866, 0, 1, 0, -0.996196866, 0, 0.087131381)
			CFrameMon = CFrame.new(5551.02197265625, 78.90135192871094, 3930.412841796875)
		elseif MyLevel >= 650 then
			Mon = "Galley Captain"
			LevelQuest = 2
			NameQuest = "FountainQuest"
			NameMon = "Galley Captain"
			CFrameQuest = CFrame.new(5259.81982, 37.3500175, 4050.0293, 0.087131381, 0, 0.996196866, 0, 1, 0, -0.996196866, 0, 0.087131381)
			CFrameMon = CFrame.new(5441.95166015625, 42.50205993652344, 4950.09375)
		end
	elseif World2 then
		if MyLevel >= 700 and MyLevel <= 724 then
			Mon = "Raider"
			LevelQuest = 1
			NameQuest = "Area1Quest"
			NameMon = "Raider"
			CFrameQuest = CFrame.new(-429.543518, 71.7699966, 1836.18188, -0.22495985, 0, -0.974368095, 0, 1, 0, 0.974368095, 0, -0.22495985)
			CFrameMon = CFrame.new(-728.3267211914062, 52.779319763183594, 2345.7705078125)
		elseif MyLevel >= 725 and MyLevel <= 774 then
			Mon = "Mercenary"
			LevelQuest = 2
			NameQuest = "Area1Quest"
			NameMon = "Mercenary"
			CFrameQuest = CFrame.new(-429.543518, 71.7699966, 1836.18188, -0.22495985, 0, -0.974368095, 0, 1, 0, 0.974368095, 0, -0.22495985)
			CFrameMon = CFrame.new(-1004.3244018554688, 80.15886688232422, 1424.619384765625)
		elseif MyLevel >= 775 and MyLevel <= 799 then
			Mon = "Swan Pirate"
			LevelQuest = 1
			NameQuest = "Area2Quest"
			NameMon = "Swan Pirate"
			CFrameQuest = CFrame.new(638.43811, 71.769989, 918.282898, 0.139203906, 0, 0.99026376, 0, 1, 0, -0.99026376, 0, 0.139203906)
			CFrameMon = CFrame.new(1068.664306640625, 137.61428833007812, 1322.1060791015625)
		elseif MyLevel >= 800 and MyLevel <= 874 then
			Mon = "Factory Staff"
			NameQuest = "Area2Quest"
			LevelQuest = 2
			NameMon = "Factory Staff"
			CFrameQuest = CFrame.new(632.698608, 73.1055908, 918.666321, -0.0319722369, 8.96074881e-10, -0.999488771, 1.36326533e-10, 1, 8.92172336e-10, 0.999488771, -1.07732087e-10, -0.0319722369)
			CFrameMon = CFrame.new(73.07867431640625, 81.86344146728516, -27.470672607421875)
		elseif MyLevel >= 875 and MyLevel <= 899 then
			Mon = "Marine Lieutenant"
			LevelQuest = 1
			NameQuest = "MarineQuest3"
			NameMon = "Marine Lieutenant"
			CFrameQuest = CFrame.new(-2440.79639, 71.7140732, -3216.06812, 0.866007268, 0, 0.500031412, 0, 1, 0, -0.500031412, 0, 0.866007268)
			CFrameMon = CFrame.new(-2821.372314453125, 75.89727783203125, -3070.089111328125)
		elseif MyLevel >= 900 and MyLevel <= 949 then
			Mon = "Marine Captain"
			LevelQuest = 2
			NameQuest = "MarineQuest3"
			NameMon = "Marine Captain"
			CFrameQuest = CFrame.new(-2440.79639, 71.7140732, -3216.06812, 0.866007268, 0, 0.500031412, 0, 1, 0, -0.500031412, 0, 0.866007268)
			CFrameMon = CFrame.new(-1861.2310791015625, 80.17658233642578, -3254.697509765625)
		elseif MyLevel >= 950 and MyLevel <= 974 then
			Mon = "Zombie"
			LevelQuest = 1
			NameQuest = "ZombieQuest"
			NameMon = "Zombie"
			CFrameQuest = CFrame.new(-5497.06152, 47.5923004, -795.237061, -0.29242146, 0, -0.95628953, 0, 1, 0, 0.95628953, 0, -0.29242146)
			CFrameMon = CFrame.new(-5657.77685546875, 78.96973419189453, -928.68701171875)
		elseif MyLevel >= 975 and MyLevel <= 999 then
			Mon = "Vampire"
			LevelQuest = 2
			NameQuest = "ZombieQuest"
			NameMon = "Vampire"
			CFrameQuest = CFrame.new(-5497.06152, 47.5923004, -795.237061, -0.29242146, 0, -0.95628953, 0, 1, 0, 0.95628953, 0, -0.29242146)
			CFrameMon = CFrame.new(-6037.66796875, 32.18463897705078, -1340.6597900390625)
		elseif MyLevel >= 1000 and MyLevel <= 1049 then
			Mon = "Snow Trooper"
			LevelQuest = 1
			NameQuest = "SnowMountainQuest"
			NameMon = "Snow Trooper"
			CFrameQuest = CFrame.new(609.858826, 400.119904, -5372.25928, -0.374604106, 0, 0.92718488, 0, 1, 0, -0.92718488, 0, -0.374604106)
			CFrameMon = CFrame.new(549.1473388671875, 427.3870544433594, -5563.69873046875)
		elseif MyLevel >= 1050 and MyLevel <= 1099 then
			Mon = "Winter Warrior"
			LevelQuest = 2
			NameQuest = "SnowMountainQuest"
			NameMon = "Winter Warrior"
			CFrameQuest = CFrame.new(609.858826, 400.119904, -5372.25928, -0.374604106, 0, 0.92718488, 0, 1, 0, -0.92718488, 0, -0.374604106)
			CFrameMon = CFrame.new(1142.7451171875, 475.6398010253906, -5199.41650390625)
		elseif MyLevel >= 1100 and MyLevel <= 1124 then
			Mon = "Lab Subordinate"
			LevelQuest = 1
			NameQuest = "IceSideQuest"
			NameMon = "Lab Subordinate"
			CFrameQuest = CFrame.new(-6064.06885, 15.2422857, -4902.97852, 0.453972578, -0, -0.891015649, 0, 1, -0, 0.891015649, 0, 0.453972578)
			CFrameMon = CFrame.new(-5707.4716796875, 15.951709747314453, -4513.39208984375)
		elseif MyLevel >= 1125 and MyLevel <= 1174 then
			Mon = "Horned Warrior"
			LevelQuest = 2
			NameQuest = "IceSideQuest"
			NameMon = "Horned Warrior"
			CFrameQuest = CFrame.new(-6064.06885, 15.2422857, -4902.97852, 0.453972578, -0, -0.891015649, 0, 1, -0, 0.891015649, 0, 0.453972578)
			CFrameMon = CFrame.new(-6341.36669921875, 15.951770782470703, -5723.162109375)
		elseif MyLevel >= 1175 and MyLevel <= 1199 then
			Mon = "Magma Ninja"
			LevelQuest = 1
			NameQuest = "FireSideQuest"
			NameMon = "Magma Ninja"
			CFrameQuest = CFrame.new(-5428.03174, 15.0622921, -5299.43457, -0.882952213, 0, 0.469463557, 0, 1, 0, -0.469463557, 0, -0.882952213)
			CFrameMon = CFrame.new(-5449.6728515625, 76.65874481201172, -5808.20068359375)
		elseif MyLevel >= 1200 and MyLevel <= 1249 then
			Mon = "Lava Pirate"
			LevelQuest = 2
			NameQuest = "FireSideQuest"
			NameMon = "Lava Pirate"
			CFrameQuest = CFrame.new(-5428.03174, 15.0622921, -5299.43457, -0.882952213, 0, 0.469463557, 0, 1, 0, -0.469463557, 0, -0.882952213)
			CFrameMon = CFrame.new(-5213.33154296875, 49.73788070678711, -4701.451171875)
		elseif MyLevel >= 1250 and MyLevel <= 1274 then
			Mon = "Ship Deckhand"
			LevelQuest = 1
			NameQuest = "ShipQuest1"
			NameMon = "Ship Deckhand"
			CFrameQuest = CFrame.new(1037.80127, 125.092171, 32911.6016)
			CFrameMon = CFrame.new(1212.0111083984375, 150.79205322265625, 33059.24609375)
			if _G.Level and (CFrameQuest.Position - game.Players.LocalPlayer.Character.HumanoidRootPart.Position).Magnitude > 500 then
				game:GetService("ReplicatedStorage").Remotes.CommF_:InvokeServer("requestEntrance", Vector3.new(923.21252441406, 126.9760055542, 32852.83203125))
			end
		elseif MyLevel >= 1275 and MyLevel <= 1299 then
			Mon = "Ship Engineer"
			LevelQuest = 2
			NameQuest = "ShipQuest1"
			NameMon = "Ship Engineer"
			CFrameQuest = CFrame.new(1037.80127, 125.092171, 32911.6016)
			CFrameMon = CFrame.new(919.4786376953125, 43.54401397705078, 32779.96875)
			if _G.Level and (CFrameQuest.Position - game.Players.LocalPlayer.Character.HumanoidRootPart.Position).Magnitude > 500 then
				game:GetService("ReplicatedStorage").Remotes.CommF_:InvokeServer("requestEntrance", Vector3.new(923.21252441406, 126.9760055542, 32852.83203125))
			end
		elseif MyLevel >= 1300 and MyLevel <= 1324 then
			Mon = "Ship Steward"
			LevelQuest = 1
			NameQuest = "ShipQuest2"
			NameMon = "Ship Steward"
			CFrameQuest = CFrame.new(968.80957, 125.092171, 33244.125)
			CFrameMon = CFrame.new(919.4385375976562, 129.55599975585938, 33436.03515625)
			if _G.Level and (CFrameQuest.Position - game.Players.LocalPlayer.Character.HumanoidRootPart.Position).Magnitude > 500 then
				game:GetService("ReplicatedStorage").Remotes.CommF_:InvokeServer("requestEntrance", Vector3.new(923.21252441406, 126.9760055542, 32852.83203125))
			end
		elseif MyLevel >= 1325 and MyLevel <= 1349 then
			Mon = "Ship Officer"
			LevelQuest = 2
			NameQuest = "ShipQuest2"
			NameMon = "Ship Officer"
			CFrameQuest = CFrame.new(968.80957, 125.092171, 33244.125)
			CFrameMon = CFrame.new(1036.0179443359375, 181.4390411376953, 33315.7265625)
			if _G.Level and (CFrameQuest.Position - game.Players.LocalPlayer.Character.HumanoidRootPart.Position).Magnitude > 500 then
				game:GetService("ReplicatedStorage").Remotes.CommF_:InvokeServer("requestEntrance", Vector3.new(923.21252441406, 126.9760055542, 32852.83203125))
			end
		elseif MyLevel >= 1350 and MyLevel <= 1374 then
			Mon = "Arctic Warrior"
			LevelQuest = 1
			NameQuest = "FrostQuest"
			NameMon = "Arctic Warrior"
			CFrameQuest = CFrame.new(5667.6582, 26.7997818, -6486.08984, -0.933587909, 0, -0.358349502, 0, 1, 0, 0.358349502, 0, -0.933587909)
			CFrameMon = CFrame.new(5966.24609375, 62.97002029418945, -6179.3828125)
		elseif MyLevel >= 1375 and MyLevel <= 1424 then
			Mon = "Snow Lurker"
			LevelQuest = 2
			NameQuest = "FrostQuest"
			NameMon = "Snow Lurker"
			CFrameQuest = CFrame.new(5667.6582, 26.7997818, -6486.08984, -0.933587909, 0, -0.358349502, 0, 1, 0, 0.358349502, 0, -0.933587909)
			CFrameMon = CFrame.new(5407.07373046875, 69.19437408447266, -6880.88037109375)
		elseif MyLevel >= 1425 and MyLevel <= 1449 then
			Mon = "Sea Soldier"
			LevelQuest = 1
			NameQuest = "ForgottenQuest"
			NameMon = "Sea Soldier"
			CFrameQuest = CFrame.new(-3054.44458, 235.544281, -10142.8193, 0.990270376, -0, -0.13915664, 0, 1, -0, 0.13915664, 0, 0.990270376)
			CFrameMon = CFrame.new(-3028.2236328125, 64.67451477050781, -9775.4267578125)
		elseif MyLevel >= 1450 then
			Mon = "Water Fighter"
			LevelQuest = 2
			NameQuest = "ForgottenQuest"
			NameMon = "Water Fighter"
			CFrameQuest = CFrame.new(-3054.44458, 235.544281, -10142.8193, 0.990270376, -0, -0.13915664, 0, 1, -0, 0.13915664, 0, 0.990270376)
			CFrameMon = CFrame.new(-3352.9013671875, 285.01556396484375, -10534.841796875)
		end
	elseif World3 then
		if MyLevel >= 1500 and MyLevel <= 1524 then
			Mon = "Pirate Millionaire"
			LevelQuest = 1
			NameQuest = "PiratePortQuest"
			NameMon = "Pirate Millionaire"
			CFrameQuest = CFrame.new(-712.8272705078125, 98.5770492553711, 5711.9541015625)
			CFrameMon = CFrame.new(-712.8272705078125, 98.5770492553711, 5711.9541015625)
		elseif MyLevel >= 1525 and MyLevel <= 1574 then
			Mon = "Pistol Billionaire"
			LevelQuest = 2
			NameQuest = "PiratePortQuest"
			NameMon = "Pistol Billionaire"
			CFrameQuest = CFrame.new(-723.4331665039062, 147.42906188964844, 5931.9931640625)
			CFrameMon = CFrame.new(-723.4331665039062, 147.42906188964844, 5931.9931640625)
		elseif MyLevel >= 1575 and MyLevel <= 1599 then
			Mon = "Dragon Crew Warrior"
			LevelQuest = 1
			NameQuest = "AmazonQuest"
			NameMon = "Dragon Crew Warrior"
			CFrameQuest = CFrame.new(6779.03271484375, 111.16865539550781, -801.2130737304688)
			CFrameMon = CFrame.new(6779.03271484375, 111.16865539550781, -801.2130737304688)
		elseif MyLevel >= 1600 and MyLevel <= 1624 then
			Mon = "Dragon Crew Archer"
			NameQuest = "AmazonQuest"
			LevelQuest = 2
			NameMon = "Dragon Crew Archer"
			CFrameQuest = CFrame.new(6955.8974609375, 546.6658935546875, 309.0401306152344)
			CFrameMon = CFrame.new(6955.8974609375, 546.6658935546875, 309.0401306152344)
		elseif MyLevel >= 1625 and MyLevel <= 1649 then
			Mon = "Hydra Enforcer"
			NameQuest = "VenomCrewQuest"
			LevelQuest = 1
			NameMon = "Hydra Enforcer"
			CFrameQuest = CFrame.new(4620.61572265625, 1002.2954711914062, 399.0868835449219)
			CFrameMon = CFrame.new(4620.61572265625, 1002.2954711914062, 399.0868835449219)
		elseif MyLevel >= 1650 and MyLevel <= 1699 then
			Mon = "Venomous Assailant"
			NameQuest = "VenomCrewQuest"
			LevelQuest = 2
			NameMon = "Venomous Assailant"
			CFrameQuest = CFrame.new(4697.5918, 1100.65137, 946.401978, 0.579397917, -4.19689783e-10, 0.81504482, -1.49287818e-10, 1, 6.21053986e-10, -0.81504482, -4.81513662e-10, 0.579397917)
			CFrameMon = CFrame.new(4697.5918, 1100.65137, 946.401978, 0.579397917, -4.19689783e-10, 0.81504482, -1.49287818e-10, 1, 6.21053986e-10, -0.81504482, -4.81513662e-10, 0.579397917)
		elseif MyLevel >= 1700 and MyLevel <= 1724 then
			Mon = "Marine Commodore"
			LevelQuest = 1
			NameQuest = "MarineTreeIsland"
			NameMon = "Marine Commodore"
			CFrameQuest = CFrame.new(2180.54126, 27.8156815, -6741.5498, -0.965929747, 0, 0.258804798, 0, 1, 0, -0.258804798, 0, -0.965929747)
			CFrameMon = CFrame.new(2286.0078125, 73.13391876220703, -7159.80908203125)
		elseif MyLevel >= 1725 and MyLevel <= 1774 then
			Mon = "Marine Rear Admiral"
			NameMon = "Marine Rear Admiral"
			NameQuest = "MarineTreeIsland"
			LevelQuest = 2
			CFrameQuest = CFrame.new(2179.98828125, 28.731239318848, -6740.0551757813)
			CFrameMon = CFrame.new(3656.773681640625, 160.52406311035156, -7001.5986328125)
		elseif MyLevel >= 1775 and MyLevel <= 1799 then
			Mon = "Fishman Raider"
			LevelQuest = 1
			NameQuest = "DeepForestIsland3"
			NameMon = "Fishman Raider"
			CFrameQuest = CFrame.new(-10581.6563, 330.872955, -8761.18652, -0.882952213, 0, 0.469463557, 0, 1, 0, -0.469463557, 0, -0.882952213)
			CFrameMon = CFrame.new(-10407.5263671875, 331.76263427734375, -8368.5166015625)
		elseif MyLevel >= 1800 and MyLevel <= 1824 then
			Mon = "Fishman Captain"
			LevelQuest = 2
			NameQuest = "DeepForestIsland3"
			NameMon = "Fishman Captain"
			CFrameQuest = CFrame.new(-10581.6563, 330.872955, -8761.18652, -0.882952213, 0, 0.469463557, 0, 1, 0, -0.469463557, 0, -0.882952213)
			CFrameMon = CFrame.new(-10994.701171875, 352.38140869140625, -9002.1103515625)
		elseif MyLevel >= 1825 and MyLevel <= 1849 then
			Mon = "Forest Pirate"
			LevelQuest = 1
			NameQuest = "DeepForestIsland"
			NameMon = "Forest Pirate"
			CFrameQuest = CFrame.new(-13234.04, 331.488495, -7625.40137, 0.707134247, -0, -0.707079291, 0, 1, -0, 0.707079291, 0, 0.707134247)
			CFrameMon = CFrame.new(-13274.478515625, 332.3781433105469, -7769.58056640625)
		elseif MyLevel >= 1850 and MyLevel <= 1899 then
			Mon = "Mythological Pirate"
			LevelQuest = 2
			NameQuest = "DeepForestIsland"
			NameMon = "Mythological Pirate"
			CFrameQuest = CFrame.new(-13234.04, 331.488495, -7625.40137, 0.707134247, -0, -0.707079291, 0, 1, -0, 0.707079291, 0, 0.707134247)
			CFrameMon = CFrame.new(-13680.607421875, 501.08154296875, -6991.189453125)
		elseif MyLevel >= 1900 and MyLevel <= 1924 then
			Mon = "Jungle Pirate"
			LevelQuest = 1
			NameQuest = "DeepForestIsland2"
			NameMon = "Jungle Pirate"
			CFrameQuest = CFrame.new(-12680.3818, 389.971039, -9902.01953, -0.0871315002, 0, 0.996196866, 0, 1, 0, -0.996196866, 0, -0.0871315002)
			CFrameMon = CFrame.new(-12256.16015625, 331.73828125, -10485.8369140625)
		elseif MyLevel >= 1925 and MyLevel <= 1974 then
			Mon = "Musketeer Pirate"
			LevelQuest = 2
			NameQuest = "DeepForestIsland2"
			NameMon = "Musketeer Pirate"
			CFrameQuest = CFrame.new(-12680.3818, 389.971039, -9902.01953, -0.0871315002, 0, 0.996196866, 0, 1, 0, -0.996196866, 0, -0.0871315002)
			CFrameMon = CFrame.new(-13457.904296875, 391.545654296875, -9859.177734375)
		elseif MyLevel >= 1975 and MyLevel <= 1999 then
			Mon = "Reborn Skeleton"
			LevelQuest = 1
			NameQuest = "HauntedQuest1"
			NameMon = "Reborn Skeleton"
			CFrameQuest = CFrame.new(-9479.2168, 141.215088, 5566.09277, 0, 0, 1, 0, 1, -0, -1, 0, 0)
			CFrameMon = CFrame.new(-8763.7236328125, 165.72299194335938, 6159.86181640625)
		elseif MyLevel >= 2000 and MyLevel <= 2024 then
			Mon = "Living Zombie"
			LevelQuest = 2
			NameQuest = "HauntedQuest1"
			NameMon = "Living Zombie"
			CFrameQuest = CFrame.new(-9479.2168, 141.215088, 5566.09277, 0, 0, 1, 0, 1, -0, -1, 0, 0)
			CFrameMon = CFrame.new(-10144.1318359375, 138.62667846679688, 5838.0888671875)
		elseif MyLevel >= 2025 and MyLevel <= 2049 then
			Mon = "Demonic Soul"
			LevelQuest = 1
			NameQuest = "HauntedQuest2"
			NameMon = "Demonic Soul"
			CFrameQuest = CFrame.new(-9516.99316, 172.017181, 6078.46533, 0, 0, -1, 0, 1, 0, 1, 0, 0)
			CFrameMon = CFrame.new(-9505.8720703125, 172.10482788085938, 6158.9931640625)
		elseif MyLevel >= 2050 and MyLevel <= 2074 then
			Mon = "Posessed Mummy"
			LevelQuest = 2
			NameQuest = "HauntedQuest2"
			NameMon = "Posessed Mummy"
			CFrameQuest = CFrame.new(-9516.99316, 172.017181, 6078.46533, 0, 0, -1, 0, 1, 0, 1, 0, 0)
			CFrameMon = CFrame.new(-9582.0224609375, 6.251527309417725, 6205.478515625)
		elseif MyLevel >= 2075 and MyLevel <= 2099 then
			Mon = "Peanut Scout"
			LevelQuest = 1
			NameQuest = "NutsIslandQuest"
			NameMon = "Peanut Scout"
			CFrameQuest = CFrame.new(-2104.3908691406, 38.104167938232, -10194.21875, 0, 0, -1, 0, 1, 0, 1, 0, 0)
			CFrameMon = CFrame.new(-2143.241943359375, 47.72198486328125, -10029.9951171875)
		elseif MyLevel >= 2100 and MyLevel <= 2124 then
			Mon = "Peanut President"
			LevelQuest = 2
			NameQuest = "NutsIslandQuest"
			NameMon = "Peanut President"
			CFrameQuest = CFrame.new(-2104.3908691406, 38.104167938232, -10194.21875, 0, 0, -1, 0, 1, 0, 1, 0, 0)
			CFrameMon = CFrame.new(-1859.35400390625, 38.10316848754883, -10422.4296875)
		elseif MyLevel >= 2125 and MyLevel <= 2149 then
			Mon = "Ice Cream Chef"
			LevelQuest = 1
			NameQuest = "IceCreamIslandQuest"
			NameMon = "Ice Cream Chef"
			CFrameQuest = CFrame.new(-820.64825439453, 65.819526672363, -10965.795898438, 0, 0, -1, 0, 1, 0, 1, 0, 0)
			CFrameMon = CFrame.new(-872.24658203125, 65.81957244873047, -10919.95703125)
		elseif MyLevel >= 2150 and MyLevel <= 2199 then
			Mon = "Ice Cream Commander"
			LevelQuest = 2
			NameQuest = "IceCreamIslandQuest"
			NameMon = "Ice Cream Commander"
			CFrameQuest = CFrame.new(-820.64825439453, 65.819526672363, -10965.795898438, 0, 0, -1, 0, 1, 0, 1, 0, 0)
			CFrameMon = CFrame.new(-558.06103515625, 112.04895782470703, -11290.7744140625)
		elseif MyLevel >= 2200 and MyLevel <= 2224 then
			Mon = "Cookie Crafter"
			LevelQuest = 1
			NameQuest = "CakeQuest1"
			NameMon = "Cookie Crafter"
			CFrameQuest = CFrame.new(-2021.32007, 37.7982254, -12028.7295, 0.957576931, -8.80302053e-08, 0.288177818, 6.9301187e-08, 1, 7.51931211e-08, -0.288177818, -5.2032135e-08, 0.957576931)
			CFrameMon = CFrame.new(-2374.13671875, 37.79826354980469, -12125.30859375)
		elseif MyLevel >= 2225 and MyLevel <= 2249 then
			Mon = "Cake Guard"
			LevelQuest = 2
			NameQuest = "CakeQuest1"
			NameMon = "Cake Guard"
			CFrameQuest = CFrame.new(-2021.32007, 37.7982254, -12028.7295, 0.957576931, -8.80302053e-08, 0.288177818, 6.9301187e-08, 1, 7.51931211e-08, -0.288177818, -5.2032135e-08, 0.957576931)
			CFrameMon = CFrame.new(-1598.3070068359375, 43.773197174072266, -12244.5810546875)
		elseif MyLevel >= 2250 and MyLevel <= 2274 then
			Mon = "Baking Staff"
			LevelQuest = 1
			NameQuest = "CakeQuest2"
			NameMon = "Baking Staff"
			CFrameQuest = CFrame.new(-1927.91602, 37.7981339, -12842.5391, -0.96804446, 4.22142143e-08, 0.250778586, 4.74911062e-08, 1, 1.49904711e-08, -0.250778586, 2.64211941e-08, -0.96804446)
			CFrameMon = CFrame.new(-1887.8099365234375, 77.6185073852539, -12998.3505859375)
		elseif MyLevel >= 2275 and MyLevel <= 2299 then
			Mon = "Head Baker"
			LevelQuest = 2
			NameQuest = "CakeQuest2"
			NameMon = "Head Baker"
			CFrameQuest = CFrame.new(-1927.91602, 37.7981339, -12842.5391, -0.96804446, 4.22142143e-08, 0.250778586, 4.74911062e-08, 1, 1.49904711e-08, -0.250778586, 2.64211941e-08, -0.96804446)
			CFrameMon = CFrame.new(-2216.188232421875, 82.884521484375, -12869.2939453125)
		elseif MyLevel >= 2300 and MyLevel <= 2324 then
			Mon = "Cocoa Warrior"
			LevelQuest = 1
			NameQuest = "ChocQuest1"
			NameMon = "Cocoa Warrior"
			CFrameQuest = CFrame.new(233.22836303710938, 29.876001358032227, -12201.2333984375)
			CFrameMon = CFrame.new(-21.55328369140625, 80.57499694824219, -12352.3876953125)
		elseif MyLevel >= 2325 and MyLevel <= 2349 then
			Mon = "Chocolate Bar Battler"
			LevelQuest = 2
			NameQuest = "ChocQuest1"
			NameMon = "Chocolate Bar Battler"
			CFrameQuest = CFrame.new(233.22836303710938, 29.876001358032227, -12201.2333984375)
			CFrameMon = CFrame.new(582.590576171875, 77.18809509277344, -12463.162109375)
		elseif MyLevel >= 2350 and MyLevel <= 2374 then
			Mon = "Sweet Thief"
			LevelQuest = 1
			NameQuest = "ChocQuest2"
			NameMon = "Sweet Thief"
			CFrameQuest = CFrame.new(150.5066375732422, 30.693693161010742, -12774.5029296875)
			CFrameMon = CFrame.new(165.1884765625, 76.05885314941406, -12600.8369140625)
		elseif MyLevel >= 2375 and MyLevel <= 2399 then
			Mon = "Candy Rebel"
			LevelQuest = 2
			NameQuest = "ChocQuest2"
			NameMon = "Candy Rebel"
			CFrameQuest = CFrame.new(150.5066375732422, 30.693693161010742, -12774.5029296875)
			CFrameMon = CFrame.new(134.86563110351562, 77.2476806640625, -12876.5478515625)
		elseif MyLevel >= 2400 and MyLevel <= 2449 then
			Mon = "Candy Pirate"
			LevelQuest = 1
			NameQuest = "CandyQuest1"
			NameMon = "Candy Pirate"
			CFrameQuest = CFrame.new(-1150.0400390625, 20.378934860229492, -14446.3349609375)
			CFrameMon = CFrame.new(-1310.5003662109375, 26.016523361206055, -14562.404296875)
		elseif MyLevel >= 2450 and MyLevel <= 2474 then
			Mon = "Isle Outlaw"
			LevelQuest = 1
			NameQuest = "TikiQuest1"
			NameMon = "Isle Outlaw"
			CFrameQuest = CFrame.new(-16548.8164, 55.6059914, -172.8125, 0.213092566, -0, -0.977032006, 0, 1, -0, 0.977032006, 0, 0.213092566)
			CFrameMon = CFrame.new(-16479.900390625, 226.6117401123047, -300.3114318847656)
		elseif MyLevel >= 2475 and MyLevel <= 2499 then
			Mon = "Island Boy"
			LevelQuest = 2
			NameQuest = "TikiQuest1"
			NameMon = "Island Boy"
			CFrameQuest = CFrame.new(-16548.8164, 55.6059914, -172.8125, 0.213092566, -0, -0.977032006, 0, 1, -0, 0.977032006, 0, 0.213092566)
			CFrameMon = CFrame.new(-16849.396484375, 192.86505126953125, -150.7853240966797)
		elseif MyLevel >= 2500 and MyLevel <= 2524 then
			Mon = "Sun-kissed Warrior"
			LevelQuest = 1
			NameQuest = "TikiQuest2"
			NameMon = "kissed Warrior"
			CFrameMon = CFrame.new(-16347, 64, 984)
			CFrameQuest = CFrame.new(-16538, 55, 1049)
		elseif MyLevel >= 2525 and MyLevel <= 2549 then
			Mon = "Isle Champion"
			LevelQuest = 2
			NameQuest = "TikiQuest2"
			NameMon = "Isle Champion"
			CFrameQuest = CFrame.new(-16541.0215, 57.3082275, 1051.46118, 0.0410757065, -0, -0.999156058, 0, 1, -0, 0.999156058, 0, 0.0410757065)
			CFrameMon = CFrame.new(-16602.1015625, 130.38734436035156, 1087.24560546875)
		elseif MyLevel >= 2550 and MyLevel <= 2574 then
			Mon = "Serpent Hunter"
			LevelQuest = 1
			NameQuest = "TikiQuest3"
			NameMon = "Serpent Hunter"
			CFrameQuest = CFrame.new(-16679.478515625, 176.74737548828125, 1474.3995361328125)
			CFrameMon = CFrame.new(-16679.478515625, 176.74737548828125, 1474.3995361328125)
		elseif MyLevel >= 2575 and MyLevel <= 2599 then
			Mon = "Skull Slayer"
			LevelQuest = 2
			NameQuest = "TikiQuest3"
			NameMon = "Skull Slayer"
			CFrameQuest = CFrame.new(-16759.58984375, 71.28376770019531, 1595.3399658203125)
			CFrameMon = CFrame.new(-16759.58984375, 71.28376770019531, 1595.3399658203125)
		elseif MyLevel >= 2600 and MyLevel <= 2624 then
			Mon = "Reef Bandit"
			LevelQuest = 1
			NameQuest = "SubmergedQuest1"
			NameMon = "Reef Bandit"
			CFrameQuest = CFrame.new(10882.264, -2086.322, 10034.226)
			CFrameMon = CFrame.new(10736.6191, -2087.8439, 9338.4882)
			if _G.Level and (CFrameQuest.Position - game.Players.LocalPlayer.Character.HumanoidRootPart.Position).Magnitude > 1000 then
				Tween(CFrame.new(-16269.7041, 25.2288494, 1373.65955))
				wait(2)
				game:GetService("ReplicatedStorage").Modules.Net:FindFirstChild("RF/SubmarineWorkerSpeak"):InvokeServer("TravelToSubmergedIsland")
			end
		elseif MyLevel >= 2625 and MyLevel <= 2649 then
			Mon = "Coral Pirate"
			LevelQuest = 2
			NameQuest = "SubmergedQuest1"
			NameMon = "Coral Pirate"
			CFrameQuest = CFrame.new(10882.264, -2086.322, 10034.226)
			CFrameMon = CFrame.new(10965.1025, -2158.8842, 9177.2597)
			if _G.Level and (CFrameQuest.Position - game.Players.LocalPlayer.Character.HumanoidRootPart.Position).Magnitude > 1000 then
				Tween(CFrame.new(-16269.7041, 25.2288494, 1373.65955))
				wait(2)
				game:GetService("ReplicatedStorage").Modules.Net:FindFirstChild("RF/SubmarineWorkerSpeak"):InvokeServer("TravelToSubmergedIsland")
			end
		elseif MyLevel >= 2650 and MyLevel <= 2674 then
			Mon = "Sea Chanter"
			LevelQuest = 1
			NameQuest = "SubmergedQuest1"
			NameMon = "Sea Chanter"
			CFrameQuest = CFrame.new(10882.264, -2086.322, 10034.226)
			CFrameMon = CFrame.new(10621.0342, -2087.8440, 10102.0332)
			if _G.Level and (CFrameQuest.Position - game.Players.LocalPlayer.Character.HumanoidRootPart.Position).Magnitude > 1000 then
				Tween(CFrame.new(-16269.7041, 25.2288494, 1373.65955))
				wait(2)
				game:GetService("ReplicatedStorage").Modules.Net:FindFirstChild("RF/SubmarineWorkerSpeak"):InvokeServer("TravelToSubmergedIsland")
			end
		elseif MyLevel >= 2675 and MyLevel <= 2699 then
			Mon = "Ocean Prophet"
			LevelQuest = 2
			NameQuest = "SubmergedQuest2"
			NameMon = "Ocean Prophet"
			CFrameQuest = CFrame.new(10612.3848, -2087.844, 10053.8926)
			CFrameMon = CFrame.new(11056.1445, -2001.6717, 10117.4493)
			if _G.Level and (CFrameQuest.Position - game.Players.LocalPlayer.Character.HumanoidRootPart.Position).Magnitude > 1000 then
				Tween(CFrame.new(-16269.7041, 25.2288494, 1373.65955))
				wait(2)
				game:GetService("ReplicatedStorage").Modules.Net:FindFirstChild("RF/SubmarineWorkerSpeak"):InvokeServer("TravelToSubmergedIsland")
			end
		elseif MyLevel >= 2700 and MyLevel <= 2724 then
			Mon = "High Disciple"
			LevelQuest = 1
			NameQuest = "SubmergedQuest3"
			NameMon = "High Disciple"
			CFrameQuest = CFrame.new(9640.08789, -1992.44507, 9613.65234)
			CFrameMon = CFrame.new(9750.41602, -1966.93884, 9753.36035)
			if _G.Level and (CFrameQuest.Position - game.Players.LocalPlayer.Character.HumanoidRootPart.Position).Magnitude > 1000 then
				Tween(CFrame.new(-16269.7041, 25.2288494, 1373.65955))
				wait(2)
				game:GetService("ReplicatedStorage").Modules.Net:FindFirstChild("RF/SubmarineWorkerSpeak"):InvokeServer("TravelToSubmergedIsland")
			end
		elseif MyLevel >= 2725 then
			Mon = "Grand Devotee"
			LevelQuest = 2
			NameQuest = "SubmergedQuest3"
			NameMon = "Grand Devotee"
			CFrameQuest = CFrame.new(9640.08789, -1992.44507, 9613.65234)
			CFrameMon = CFrame.new(9611.70508, -1993.47119, 9882.68848)
			if _G.Level and (CFrameQuest.Position - game.Players.LocalPlayer.Character.HumanoidRootPart.Position).Magnitude > 1000 then
				Tween(CFrame.new(-16269.7041, 25.2288494, 1373.65955))
				wait(2)
				game:GetService("ReplicatedStorage").Modules.Net:FindFirstChild("RF/SubmarineWorkerSpeak"):InvokeServer("TravelToSubmergedIsland")
			end
		end
	end
end
function CheckBoss()
	if World1 then
		if _G.SelectBoss == "The Gorilla King" then
			Boss = "The Gorilla King"
			NameQuest = "JungleQuest"
			LevelQuest = 3
			CFrameQuest = CFrame.new(-1601.6553955078, 36.85213470459, 153.38809204102)
			CFrameBoss = CFrame.new(-1088.75977, 8.13463783, -488.559906, -0.707134247, 0, 0.707079291, 0, 1, 0, -0.707079291, 0, -0.707134247)
		elseif _G.SelectBoss == "Bobby" then
			Boss = "Bobby"
			NameQuest = "BuggyQuest1"
			LevelQuest = 3
			CFrameQuest = CFrame.new(-1140.1761474609, 4.752049446106, 3827.4057617188)
			CFrameBoss = CFrame.new(-1087.3760986328, 46.949409484863, 4040.1462402344)
		elseif _G.SelectBoss == "The Saw" then
			Boss = "The Saw"
			CFrameBoss = CFrame.new(-784.89715576172, 72.427383422852, 1603.5822753906)
		elseif _G.SelectBoss == "Yeti" then
			Boss = "Yeti"
			NameQuest = "SnowQuest"
			LevelQuest = 3
			CFrameQuest = CFrame.new(1386.8073730469, 87.272789001465, -1298.3576660156)
			CFrameBoss = CFrame.new(1218.7956542969, 138.01184082031, -1488.0262451172)
		elseif _G.SelectBoss == "Mob Leader" then
			Boss = "Mob Leader"
			CFrameBoss = CFrame.new(-2844.7307128906, 7.4180502891541, 5356.6723632813)
		elseif _G.SelectBoss == "Vice Admiral" then
			Boss = "Vice Admiral"
			NameQuest = "MarineQuest2"
			LevelQuest = 2
			CFrameQuest = CFrame.new(-5036.2465820313, 28.677835464478, 4324.56640625)
			CFrameBoss = CFrame.new(-5006.5454101563, 88.032081604004, 4353.162109375)
		elseif _G.SelectBoss == "Saber Expert" then
			Boss = "Saber Expert"
			CFrameBoss = CFrame.new(-1458.89502, 29.8870335, -50.633564)
		elseif _G.SelectBoss == "Warden" then
			Boss = "Warden"
			NameQuest = "ImpelQuest"
			LevelQuest = 1
			CFrameBoss = CFrame.new(5278.04932, 2.15167475, 944.101929, 0.220546961, -4.49946401e-06, 0.975376427, -1.95412576e-05, 1, 9.03162072e-06, -0.975376427, -2.10519756e-05, 0.220546961)
			CFrameQuest = CFrame.new(5191.86133, 2.84020686, 686.438721, -0.731384635, 0, 0.681965172, 0, 1, 0, -0.681965172, 0, -0.731384635)
		elseif _G.SelectBoss == "Chief Warden" then
			Boss = "Chief Warden"
			NameQuest = "ImpelQuest"
